Precision :  94.5337620579
Recall :  73.9157762414
